Before: 88267 22419 96022 37283 85836 49674 42964 44682 62942 6860 5424 87709 77267 94452 53804 22853 53406 24651 44465 11154 56363 43342 20248 8603 67030 79628 34872 7530 6394 87554 77383 57680 2888 47290 21516 34176 478 45343 38923 48833 12099 96978 72134 49804 32775 33408 90286 8407 68817 6361 31105 40363 57423 17318 56321 93147 44222 11510 32297 45450 35114 17322 5379 38984 56320 24446 73629 46310 28036 38577 8040 52784 75528 62109 46584 81392 79438 51649 56578 1394 63377 79428 68239 28186 30737 78903 86313 63667 65451 47316 10315 68734 65057 31266 1649 19976 55506 90639 35582 3488 1093 98940 20417 13297 82870 55458 86557 88368 92432 15298 90052 41928 3734 70210 14790 343 43080 84456 66956 24903 7360 16829 67615 62523 72787 76742 41813 41993 38006 35276 74297 51672 84575 40188 816 58015 83807 63326 54654 12879 68315 80524 52729 69164 30061 72979 52922 1323 31539 34849 16887 73130 81662 86477 70597 79352 89044 30728 20648 58779 69745 52116 28650 83236 97565 76533 66563 21201 34772 5088 40231 86589 20900 66098 54483 19082 88397 31049 55760 99132 96743 52386 81171 89645 11103 43797 83610 66633 13501 26505 74770 43002 38184 17621 30997 76211 32533 86384 45232 354 47673 87753 95573 60077 29239 42430 97247 46374 24110 13435 96367 28872 7179 72915 34369 26308 44528 23502 74434 74223 30800 84804 30413 19187 50811 32156 95234 85175 47114 55952 99235 12645 38776 51611 30861 10509 79910 92031 57411 59460 71031 40185 19365 35572 18134 16365 59204 33038 85415 95510 41659 69840 4899 58980 86584 46297 23629 1274 82260 71073 28703 5568 5337 63789 26524 74045 13745 25364 56183 30904 85633 22853 37957 80134 28103 72838 60881 78820 70216 11901 48187 74692 83277 56636 67873 67776 61475 30121 84017 68085 7660 9392 92925 65236 75159 43400 3668 77389 11370 75711 
9392 7660
14790 343
16829 7360
18134 16365
19976 1649
20248 8603
20417 13297
23629 1274
24110 13435
25364 13745
26505 13501
28703 5568
30413 19187
30861 10509
33408 32775
34176 21516
34369 26308
34772 5088
34849 31539
34872 7530
35114 17322
35572 19365
35582 3488
38006 35276
38184 17621
38577 28036
38984 5379
40363 31105
41993 41813
42430 29239
43797 11103
44222 11510
44465 11154
44528 23502
44682 42964
45232 354
45343 478
45450 32297
47290 2888
48833 38923
50811 32156
51611 38776
52784 8040
52922 1323
53406 24651
53804 22853
54483 19082
54654 12879
55952 47114
56183 30904
56320 24446
56363 43342
56578 1394
57423 17318
58015 816
58779 20648
58980 4899
59204 33038
59460 57411
61475 30121
62942 6860
63789 5337
65057 31266
65451 47316
66098 20900
66563 21201
66956 24903
67615 62523
67873 67776
68239 28186
68734 10315
68817 6361
69164 52729
69745 52116
69840 41659
70210 3734
70216 11901
71031 40185
72134 49804
72838 28103
72915 7179
72979 30061
73130 16887
73629 46310
74045 26524
74297 51672
74434 74223
74692 48187
74770 43002
75159 43400
75528 62109
75711 11370
76211 30997
76742 72787
77383 57680
77389 3668
78820 60881
78903 30737
79352 70597
79428 63377
79438 51649
79628 67030
80134 37957
80524 68315
81392 46584
82260 71073
82870 55458
83236 28650
83277 56636
83610 66633
83807 63326
84017 68085
84456 43080
84575 40188
84804 30800
85633 22853
85836 49674
86313 63667
86384 32533
86477 81662
86584 46297
86589 40231
87554 6394
87709 5424
87753 47673
88267 22419
88368 86557
88397 31049
89044 30728
89645 81171
90052 41928
90286 8407
90639 55506
92031 79910
92432 15298
92925 65236
93147 56321
94452 77267
95234 85175
95510 85415
95573 60077
96022 37283
96367 28872
96743 52386
96978 12099
97247 46374
97565 76533
98940 1093
99132 55760
99235 12645
arr is 9392 14790 16829 18134 19976 20248 20417 23629 24110 25364 26505 28703 30413 30861 33408 34176 34369 34772 34849 34872 35114 35572 35582 38006 38184 38577 38984 40363 41993 42430 43797 44222 44465 44528 44682 45232 45343 45450 47290 48833 50811 51611 52784 52922 53406 53804 54483 54654 55952 56183 56320 56363 56578 57423 58015 58779 58980 59204 59460 61475 62942 63789 65057 65451 66098 66563 66956 67615 67873 68239 68734 68817 69164 69745 69840 70210 70216 71031 72134 72838 72915 72979 73130 73629 74045 74297 74434 74692 74770 75159 75528 75711 76211 76742 77383 77389 78820 78903 79352 79428 79438 79628 80134 80524 81392 82260 82870 83236 83277 83610 83807 84017 84456 84575 84804 85633 85836 86313 86384 86477 86584 86589 87554 87709 87753 88267 88368 88397 89044 89645 90052 90286 90639 92031 92432 92925 93147 94452 95234 95510 95573 96022 96367 96743 96978 97247 97565 98940 99132 99235 
temp is 7660 343 7360 16365 1649 8603 13297 1274 13435 13745 13501 5568 19187 10509 32775 21516 26308 5088 31539 7530 17322 19365 3488 35276 17621 28036 5379 31105 41813 29239 11103 11510 11154 23502 42964 354 478 32297 2888 38923 32156 38776 8040 1323 24651 22853 19082 12879 47114 30904 24446 43342 1394 17318 816 20648 4899 33038 57411 30121 6860 5337 31266 47316 20900 21201 24903 62523 67776 28186 10315 6361 52729 52116 41659 3734 11901 40185 49804 28103 7179 30061 16887 46310 26524 51672 74223 48187 43002 43400 62109 11370 30997 72787 57680 3668 60881 30737 70597 63377 51649 67030 37957 68315 46584 71073 55458 28650 56636 66633 63326 68085 43080 40188 30800 22853 49674 63667 32533 81662 46297 40231 6394 5424 47673 22419 86557 31049 30728 81171 41928 8407 55506 79910 15298 65236 56321 77267 85175 85415 60077 37283 28872 52386 12099 46374 76533 1093 55760 12645 
After: 22853 343 354 478 816 1093 1274 1323 1394 1649 2888 3488 3668 3734 4899 5088 5337 5379 5424 5568 6361 6394 6860 7179 7360 7530 7660 8040 8407 8603 9392 10315 10509 11103 11154 11370 11510 11901 12099 12645 12879 13297 13435 13501 13745 14790 15298 16365 16829 16887 17318 17322 17621 18134 19082 19187 19365 19976 20248 20417 20648 20900 21201 21516 22419 22853 23502 23629 24110 24446 24651 24903 25364 26308 26505 26524 28036 28103 28186 28650 28703 28872 29239 30061 30121 30413 30728 30737 30800 30861 30904 30997 31049 31105 31266 31539 32156 32297 32533 32775 33038 33408 34176 34369 34772 34849 34872 35114 35276 35572 35582 37283 37957 38006 38184 38577 38776 38923 38984 40185 40188 40231 40363 41659 41813 41928 41993 42430 42964 43002 43080 43342 43400 43797 44222 44465 44528 44682 45232 45343 45450 46297 46310 46374 46584 47114 47290 47316 47673 48187 48833 49674 49804 50811 51611 51649 51672 52116 52386 52729 52784 52922 53406 53804 54483 54654 55458 55506 55760 55952 56183 56320 56321 56363 56578 56636 57411 57423 57680 58015 58779 58980 59204 59460 60077 60881 61475 62109 62523 62942 63326 63377 63667 63789 65057 65236 65451 66098 66563 66633 66956 67030 67615 67776 67873 68085 68239 68315 68734 68817 69164 69745 69840 70210 70216 70597 71031 71073 72134 72787 72838 72915 72979 73130 73629 74045 74223 74297 74434 74692 74770 75159 75528 75711 76211 76533 76742 77267 77383 77389 78820 78903 79352 79428 79438 79628 79910 80134 80524 81171 81392 81662 82260 82870 83236 83277 83610 83807 84017 84456 84575 84804 85175 85415 85633 85836 86313 86384 86477 86557 86584 86589 87554 87709 87753 88267 88368 88397 89044 89645 90052 90286 90639 92031 92432 92925 93147 94452 95234 95510 95573 96022 96367 96743 96978 97247 97565 98940 99132 99235 
Time to process a range of 300 elements with std::vector: 592.595 us
Time to process a range of 300 elements with std::deque: 415.23 us
